blue:
  hmax: 360
  hmin: 130
green:
  hmax: 200
  hmin: 70
image:
  ROI_height: 480
  ROI_wdith: 640
  ROI_x: 0
  ROI_y: 0
  reg_x:
    K1: -0.0007163415414134951
    B1: 0.3942085065558042
  reg_y:
    K2: -0.0007835257782613274
    B2: 0.24239374583230974
red:
  hmax: 30
  hmin: 0
yellow: 
  hmax: 60
  hmin: 40
