blue:
  hmax: 290
  hmin: 150
green:
  hmax: 160
  hmin: 80
image:
  ROI_height: 480
  ROI_wdith: 640
  ROI_x: 0
  ROI_y: 0
  reg_x:
    K1: -0.0003580804137796427
    B1: 0.316497682248463
  reg_y:
    K2: -0.00046095021321332765
    B2: 0.12738027496249824
red:
  hmax: 30
  hmin: 0
yellow:
  hmax: 70
  hmin: 50
